modelName: ninfia_10
animationName: 4leg_beast_p2_00
baseFormModelName: ''
portraitSheetName: ninfia
rescueCampSheetName: dummy
rescueCampSheetReverseName: dummy
baseScale: 0.85000002384185791
dungeonBaseScale: 0.85000002384185791
unkX38: 0.31999999284744263
unkX3C: 1
unkX40: 0.40000000596046448
unkX44: 0.059999998658895493
yOffset: 0.0099999997764825821
walkSpeedDistance: 1.5
unkX50: 1.6000000238418579
runSpeedRatioGround: 1.2999999523162842
unkX58: -0.10000000149011612
unkX5C: 0
unkX60: 0.30000001192092896
unkX64: 0.5
unknownBodyType1: G_BODY_SIZE_M
unknownBodyType2: G_BODY_SIZE_M
flags: Bit9
enabledPortraits: Normal, Happy, Pain, Angry, Think, Sad, Weep, Shout, Tears, Decide, Gladness, Emotion, Surprise, Faint, Relief, CatchBreath
unkX78: 1
unkX7C: 0
unkX80: 0
unkX84: 0.30000001192092896
unkX88: 0.5
unkX8C: -1.1299999952316284
unkX90: -1
unkX94: -0.87999999523162842
unkX98: 0.81000000238418579
unkX9C: 0.75
unkXA0: 0.5
padding1: 0
padding2: 0
padding3: 0
