modelName: myuu_00
animationName: ''
baseFormModelName: ''
portraitSheetName: portrait_151_form0
rescueCampSheetName: pegawde_c151_myuu
rescueCampSheetReverseName: pegawde_c151_myuu
baseScale: 1.2000000476837158
dungeonBaseScale: 1.2000000476837158
unkX38: 1.059999942779541
unkX3C: 1
unkX40: 0.55000001192092896
unkX44: 0.059999998658895493
yOffset: 0.17000000178813934
walkSpeedDistance: 1.8999999761581421
unkX50: 2.2000000476837158
runSpeedRatioGround: 2
unkX58: 0
unkX5C: 0
unkX60: 0.17000000178813934
unkX64: 0.17000000178813934
unknownBodyType1: G_BODY_SIZE_SS
unknownBodyType2: G_BODY_SIZE_SS
flags: Bit4
enabledPortraits: Normal, Happy, Pain, Angry, Think, Sad, Weep, Shout, Tears, Decide, Gladness, Emotion, Surprise, Faint, Relief, CatchBreath, Special01, Special04
unkX78: 0
unkX7C: 0
unkX80: 0
unkX84: 0.30000001192092896
unkX88: 0.5
unkX8C: -0.57999998331069946
unkX90: -0.55000001192092896
unkX94: -0.18000000715255737
unkX98: 0.49000000953674316
unkX9C: 0.57999998331069946
unkXA0: 0.17000000178813934
padding1: 0
padding2: 0
padding3: 0
