modelName: eefi_00
animationName: 4leg_beast_00
baseFormModelName: ''
portraitSheetName: eefi
rescueCampSheetName: pegawde_c196_eefi
rescueCampSheetReverseName: pegawde_c196_eefi_r
baseScale: 0.85000002384185791
dungeonBaseScale: 0.85000002384185791
unkX38: 0.25999999046325684
unkX3C: 1
unkX40: 0.44999998807907104
unkX44: 0.059999998658895493
yOffset: 0.0099999997764825821
walkSpeedDistance: 1.5
unkX50: 1.5
runSpeedRatioGround: 1.2999999523162842
unkX58: 0
unkX5C: 0
unkX60: 0.25
unkX64: 0.34999999403953552
unknownBodyType1: G_BODY_SIZE_M
unknownBodyType2: G_BODY_SIZE_M
flags: Bit4
enabledPortraits: Normal, Happy, Pain, Angry, Think, Sad, Weep, Shout, Tears, Decide, Gladness, Emotion, Surprise, Faint, Relief, CatchBreath, Special01
unkX78: 1
unkX7C: 0
unkX80: 0
unkX84: 0.30000001192092896
unkX88: 0.5
unkX8C: -0.77999997138977051
unkX90: -0.72000002861022949
unkX94: -0.37999999523162842
unkX98: 0.81000000238418579
unkX9C: 0.95999997854232788
unkXA0: 0.34999999403953552
padding1: 0
padding2: 0
padding3: 0
