modelName: ninfia_00
animationName: 4leg_beast_p2_00
baseFormModelName: ''
portraitSheetName: ninfia
rescueCampSheetName: pegawde_ninfia
rescueCampSheetReverseName: pegawde_ninfia_r
baseScale: 0.85000002384185791
dungeonBaseScale: 0.85000002384185791
unkX38: 0.31999999284744263
unkX3C: 1
unkX40: 0.40000000596046448
unkX44: 0.059999998658895493
yOffset: 0.0099999997764825821
walkSpeedDistance: 1.5
unkX50: 1.6000000238418579
runSpeedRatioGround: 1.2999999523162842
unkX58: 0
unkX5C: 0
unkX60: 0.30000001192092896
unkX64: 0.5
unknownBodyType1: G_BODY_SIZE_M
unknownBodyType2: G_BODY_SIZE_M
flags: Bit4, Bit9
enabledPortraits: Normal, Happy, Pain, Angry, Think, Sad, Weep, Shout, Tears, Decide, Gladness, Emotion, Surprise, Faint, Relief, CatchBreath
unkX78: 1
unkX7C: 0
unkX80: 0
unkX84: 0.30000001192092896
unkX88: 0.5
unkX8C: -0.81000000238418579
unkX90: -0.8399999737739563
unkX94: -0.23999999463558197
unkX98: 0.80000001192092896
unkX9C: 0.9100000262260437
unkXA0: 0.5
padding1: 0
padding2: 0
padding3: 0
